80 124
0 28
0 68
1 56
1 65
1 74
1 79
2 22
2 42
2 62
2 74
3 15
3 40
4 20
4 29
5 44
5 72
6 17
6 27
6 70
7 26
7 49
7 62
8 12
9 50
9 63
9 74
10 50
11 42
11 66
12 36
12 43
12 67
13 15
13 22
14 19
14 45
15 57
15 62
16 57
16 75
16 76
17 24
17 39
17 40
17 52
17 62
18 21
18 23
18 37
18 40
18 47
18 50
18 56
18 66
19 69
20 34
20 39
20 54
21 32
21 35
21 56
22 54
22 66
22 69
23 49
24 51
25 65
27 52
28 31
28 73
30 57
30 62
31 40
31 57
31 62
31 63
31 76
33 45
33 72
35 40
35 51
35 56
35 57
35 63
36 68
37 44
37 48
37 49
37 58
38 78
40 59
41 50
41 61
42 54
43 69
43 71
44 72
46 70
46 72
47 78
49 70
49 76
49 77
51 53
51 76
51 78
53 60
53 74
54 59
54 60
54 65
55 68
58 64
58 67
58 74
58 76
59 67
59 71
60 72
60 79
66 77
69 76
70 71
77 79
