100 206
0 27
0 32
0 51
0 58
0 96
1 10
1 15
1 59
1 65
1 67
1 74
2 55
3 4
3 13
3 71
4 60
5 29
6 40
6 91
7 94
7 98
8 20
8 43
8 52
8 61
8 69
9 24
9 45
9 91
9 98
10 13
10 15
10 17
10 22
10 60
10 74
11 25
11 46
11 51
11 73
12 28
12 33
13 43
13 52
13 57
13 94
14 17
14 28
14 40
14 74
15 32
15 38
15 47
15 73
15 75
16 48
16 49
16 79
16 90
17 25
17 95
17 97
18 51
18 52
18 90
19 39
19 97
21 35
21 53
21 59
21 72
22 37
22 41
22 53
22 95
23 52
23 53
23 54
24 30
24 37
24 57
24 59
24 61
24 72
25 75
26 30
26 47
26 76
26 82
26 88
27 64
27 73
27 97
28 57
28 60
28 62
28 79
28 97
29 34
29 38
29 43
29 47
29 98
30 33
30 40
30 44
30 63
31 44
31 57
31 64
32 37
32 80
32 97
33 65
33 73
33 87
34 40
34 42
34 55
34 76
34 80
35 54
35 76
36 41
36 50
37 64
37 78
38 53
38 57
39 55
39 94
39 98
40 82
41 84
41 93
42 64
43 63
43 70
44 57
45 46
46 61
46 92
47 90
48 50
48 82
49 50
49 76
50 64
50 73
50 83
51 73
53 60
53 66
53 70
53 78
53 87
54 62
54 77
54 81
54 98
55 74
55 92
56 77
56 81
56 93
56 97
58 59
58 66
58 94
59 63
60 83
60 91
60 95
63 79
64 79
66 76
66 80
66 85
67 84
68 72
68 88
69 72
69 74
69 89
69 93
69 99
70 74
71 91
75 77
75 89
75 98
76 94
76 96
76 99
77 81
77 83
79 95
80 81
82 87
82 90
82 94
86 96
88 94
90 94
92 94
93 98
