80 189
0 8
0 10
0 21
0 24
0 51
0 69
0 71
1 8
1 9
1 35
1 36
1 55
2 10
2 17
2 61
2 64
2 72
3 7
3 15
3 41
3 44
3 55
3 74
4 29
4 42
4 51
4 75
5 20
5 21
5 42
6 48
6 76
7 35
7 59
8 24
8 49
8 50
8 68
9 42
9 60
9 66
10 50
10 68
10 70
10 77
11 21
11 29
11 37
11 39
11 55
12 38
12 65
12 67
12 76
13 36
13 38
13 43
13 53
13 54
13 64
14 20
14 56
15 29
15 31
15 42
15 78
16 23
16 30
17 32
17 47
17 60
17 65
17 68
18 21
18 23
18 48
18 50
19 37
19 46
19 65
20 23
20 31
20 43
20 53
22 41
22 43
22 46
22 63
22 68
22 77
23 52
23 76
24 34
24 38
25 29
25 40
25 69
25 72
26 31
26 47
26 48
26 78
27 41
27 47
27 56
27 66
27 72
28 79
30 32
30 35
30 68
30 76
31 35
31 47
31 54
31 64
32 69
33 42
33 57
34 35
35 68
36 37
36 39
36 41
36 58
36 59
37 49
37 51
37 55
37 58
38 52
38 67
39 40
39 50
39 74
40 58
40 63
40 79
41 43
41 59
42 48
42 49
42 57
42 66
43 48
43 53
43 58
44 55
44 62
44 70
44 78
45 75
46 51
46 57
46 61
46 69
47 64
47 69
48 67
49 60
50 73
51 70
51 75
52 54
55 73
56 79
57 61
57 63
57 70
57 74
58 59
58 74
59 61
60 70
60 75
61 67
62 79
64 66
64 67
64 76
67 68
67 73
68 78
71 75
72 76
72 77
73 77
75 78
78 79
