80 115
0 11
0 14
1 17
1 28
1 35
1 45
1 58
1 69
2 55
3 4
3 41
3 57
4 50
4 66
5 7
5 25
5 49
5 67
5 72
6 43
6 63
8 20
8 59
9 42
9 65
9 71
10 12
10 17
10 67
10 79
11 59
11 60
11 68
11 74
12 42
12 47
13 44
13 48
14 56
14 75
15 16
15 49
17 52
17 58
18 52
19 69
19 74
19 78
19 79
21 35
22 50
23 24
23 47
23 52
23 53
24 28
24 59
24 66
24 72
25 42
25 63
26 63
26 71
27 41
27 53
28 52
28 58
29 46
29 66
29 77
30 34
30 76
31 72
32 41
32 61
33 39
34 38
34 47
34 49
34 63
35 54
36 70
36 71
37 48
37 61
38 60
38 70
39 52
40 55
40 73
41 69
42 71
42 73
43 56
44 63
50 63
50 65
51 64
52 74
53 57
53 63
53 71
55 60
55 63
55 69
59 60
61 78
62 64
63 68
63 69
64 65
64 74
67 78
69 79
71 76
