80 163
0 24
1 6
1 7
1 15
1 79
2 13
2 15
2 16
2 56
2 70
2 73
3 30
4 39
4 45
5 17
5 28
5 34
5 60
5 70
5 77
6 44
7 54
8 36
8 46
9 40
9 71
9 79
10 27
10 29
10 34
10 53
11 29
11 59
12 52
12 68
12 74
13 14
13 28
13 47
13 50
13 62
13 75
14 19
14 47
14 51
14 74
14 78
15 65
15 73
16 28
16 42
16 57
16 79
17 18
17 33
17 35
17 42
17 64
17 66
18 57
18 59
18 62
18 65
19 39
19 40
19 42
19 63
19 70
19 71
20 32
20 43
20 55
21 22
22 24
22 29
22 67
23 70
23 73
24 35
24 54
24 61
24 66
25 26
25 37
25 40
25 49
25 61
26 41
26 73
27 51
27 52
27 63
28 37
28 55
28 61
28 77
29 38
29 48
29 73
29 77
30 47
30 50
30 74
31 41
31 51
31 54
31 71
32 44
32 51
32 57
32 59
32 78
33 46
35 60
36 38
36 42
36 64
36 68
36 73
38 46
38 59
38 74
39 49
39 69
40 44
40 45
41 42
41 44
41 72
41 73
42 59
42 71
43 49
43 75
46 62
46 71
47 51
49 63
49 66
49 73
50 68
50 74
50 75
51 76
52 70
54 56
55 66
55 79
56 64
57 67
58 59
58 62
59 60
59 77
59 78
61 69
62 72
63 64
63 76
64 74
64 78
66 72
70 74
