100 218
0 16
0 42
0 48
0 58
0 79
0 81
1 6
1 58
1 79
1 91
1 96
2 27
2 66
3 4
3 5
3 93
4 8
4 51
4 94
5 6
5 49
5 69
5 77
5 82
5 90
6 18
6 29
6 43
6 79
7 13
7 53
7 70
8 22
8 73
8 76
8 83
9 29
9 97
10 24
10 38
10 57
10 82
11 31
11 57
11 80
12 36
12 37
12 59
12 61
12 73
13 20
13 30
13 36
13 60
13 69
14 40
14 44
14 66
14 69
14 74
14 92
15 45
15 77
16 36
16 50
17 82
17 90
18 28
18 61
18 71
18 75
18 93
19 24
19 31
19 57
19 69
20 54
20 62
20 65
20 79
20 89
21 35
21 38
21 80
22 67
22 71
22 79
22 86
22 94
23 28
23 35
23 41
23 47
23 49
23 63
23 66
23 67
23 93
24 34
24 35
24 42
24 77
24 93
25 37
25 41
25 45
25 60
26 64
26 65
26 90
26 94
27 47
27 69
27 70
27 98
28 79
29 41
29 58
29 89
30 37
30 52
30 93
31 39
32 44
32 72
32 93
33 43
33 76
33 81
33 82
34 49
34 55
34 66
34 94
35 47
35 73
35 74
35 87
35 89
37 57
37 74
37 89
38 44
38 47
38 53
38 62
38 76
39 61
39 80
39 98
40 44
40 82
40 85
40 89
41 72
42 73
42 95
43 45
43 79
43 94
44 53
44 98
45 79
46 90
46 96
47 55
49 89
49 95
50 79
50 85
51 55
51 62
51 65
51 68
51 87
51 91
51 93
51 96
54 59
56 62
57 59
57 99
58 88
60 72
60 85
60 91
60 95
63 75
63 86
64 85
64 91
65 70
65 94
66 77
66 86
67 78
67 96
68 83
69 79
70 82
70 87
74 93
75 85
75 88
75 94
76 96
78 99
79 86
83 89
83 92
84 90
85 94
87 94
88 92
90 93
91 93
94 97
96 99
