80 124
0 1
0 6
0 11
0 29
0 45
1 53
2 9
2 58
2 70
3 19
4 58
5 9
6 9
6 16
7 39
8 28
8 65
9 42
9 53
10 30
10 36
10 43
10 52
10 59
10 62
11 30
11 46
11 53
11 70
12 52
12 61
12 63
12 73
13 60
13 65
14 20
14 58
14 62
15 18
15 43
15 76
16 25
16 28
16 33
16 46
16 62
17 20
18 23
18 27
18 48
18 56
19 61
20 70
21 76
22 50
22 57
22 75
23 35
23 58
23 68
24 57
25 64
26 36
26 58
26 61
26 68
27 33
30 34
30 54
30 55
31 79
32 57
32 65
32 69
33 58
33 60
33 63
33 64
36 40
36 42
36 74
37 44
38 44
38 57
38 59
39 40
39 52
39 56
41 56
42 61
42 73
43 52
43 56
44 67
45 64
45 69
45 71
46 47
46 53
47 69
48 60
49 69
50 52
50 66
51 55
51 75
52 56
53 72
54 58
54 59
55 60
56 57
56 75
57 72
57 78
58 77
59 63
62 64
65 79
68 76
69 72
72 75
75 78
76 77
