80 121
0 7
0 11
0 50
0 54
0 58
1 15
1 20
2 18
2 27
2 32
2 58
3 17
3 22
3 35
3 41
4 8
4 22
4 43
4 74
5 14
5 55
6 24
6 45
6 68
6 75
7 14
7 35
7 67
7 79
8 13
8 30
9 10
10 11
10 37
11 33
11 48
11 69
11 74
12 15
13 69
13 72
14 66
15 41
15 67
16 26
16 40
17 29
17 69
18 25
18 36
18 58
19 73
20 70
20 74
21 22
21 24
21 28
21 36
21 67
22 27
22 37
22 38
22 53
22 56
22 64
22 67
23 70
24 39
24 64
24 66
25 43
25 53
26 50
26 74
27 61
28 79
29 33
29 60
30 35
30 53
31 64
31 79
32 34
32 53
33 53
34 77
36 63
36 65
36 78
38 43
38 46
38 78
39 64
40 60
40 63
41 57
42 51
42 78
44 60
44 74
45 73
46 76
47 76
47 78
49 75
50 65
50 67
51 64
52 57
52 70
53 56
53 71
55 62
56 58
56 61
59 72
59 78
60 75
61 62
62 68
68 73
