100 378
0 19
0 23
0 37
0 41
0 78
0 88
1 2
1 4
1 28
1 36
1 38
1 40
1 47
1 55
1 60
1 64
1 77
1 81
1 82
2 36
2 41
2 43
2 98
3 16
3 41
3 69
3 73
3 79
3 97
4 47
4 49
4 61
4 63
4 66
4 79
4 80
4 81
4 82
4 92
5 21
5 35
5 36
5 52
5 79
5 80
5 98
6 7
6 13
6 38
6 43
6 47
6 57
6 69
6 97
6 98
7 33
7 63
7 72
7 74
7 77
8 23
8 50
8 66
8 77
8 97
9 12
9 18
9 38
9 47
9 48
9 72
9 81
9 87
9 89
9 99
10 19
10 20
10 31
10 72
10 77
10 84
11 16
11 38
11 77
11 84
11 96
11 98
12 23
12 27
12 33
12 53
12 80
13 18
13 19
13 26
13 27
13 76
13 78
13 79
13 83
13 89
13 96
13 97
14 28
14 40
14 45
14 53
14 75
14 76
14 99
15 38
15 41
15 42
15 57
15 60
15 74
15 83
16 49
16 81
16 83
17 20
17 56
17 77
17 78
17 91
17 98
18 33
18 54
18 60
18 62
18 80
19 20
19 32
19 34
19 48
19 56
19 75
19 90
20 33
20 45
20 50
20 53
20 56
20 67
20 80
20 94
21 24
21 52
21 65
21 70
21 76
21 87
21 93
22 58
22 60
22 62
22 84
22 86
23 32
23 33
23 47
23 66
23 78
23 85
23 88
23 90
23 98
24 29
24 51
24 53
24 89
24 93
24 94
24 95
25 44
25 45
25 53
25 87
25 91
25 95
26 48
26 61
26 81
26 93
27 44
27 58
27 64
27 80
27 82
28 38
28 42
28 67
28 76
28 77
28 87
29 33
29 35
29 42
29 52
29 59
29 72
29 75
29 88
30 41
30 53
30 72
30 73
30 74
30 97
31 56
31 60
31 89
31 92
32 40
32 54
32 57
32 73
32 90
32 93
33 42
33 58
33 68
33 73
33 75
33 80
34 40
34 45
34 48
34 50
34 51
34 59
34 98
35 75
36 72
36 94
37 40
37 41
37 68
37 77
37 82
37 89
37 92
37 96
38 51
38 53
38 59
38 60
38 62
38 78
38 86
38 87
38 88
39 40
39 53
39 69
39 85
39 90
40 50
40 71
40 72
40 80
40 83
41 44
41 72
41 73
41 74
41 83
41 86
42 48
42 65
42 67
42 76
42 78
42 95
43 55
43 80
43 81
43 82
44 45
44 51
44 54
44 82
44 92
45 62
45 66
45 73
46 68
46 72
47 53
47 85
47 96
48 57
48 59
49 57
49 60
49 76
49 92
50 53
50 61
50 75
50 77
50 81
50 99
51 54
51 65
51 82
52 65
52 83
53 62
53 63
53 69
54 61
54 80
54 82
54 83
54 99
55 60
55 63
55 66
55 68
55 92
55 99
56 57
56 59
56 62
56 64
56 87
57 69
58 82
58 87
58 94
59 87
59 91
60 65
60 84
61 62
61 86
61 97
61 99
62 72
63 67
63 75
64 76
64 80
64 99
65 67
65 70
65 84
65 99
66 78
66 99
67 71
67 91
67 99
68 87
69 87
69 91
69 95
70 83
70 99
72 79
72 91
73 88
74 77
74 83
75 76
76 97
79 82
79 89
80 90
82 87
82 95
82 99
83 93
84 91
86 98
90 95
90 97
