80 191
0 4
0 73
1 7
1 9
1 10
1 61
1 76
2 17
2 24
2 26
3 6
3 18
3 25
3 47
3 52
3 57
3 73
4 11
4 44
4 45
4 47
4 65
5 13
5 17
5 40
5 50
5 69
5 72
6 11
6 33
6 66
6 79
7 43
8 14
8 20
8 26
8 38
8 42
8 48
9 10
9 39
9 56
10 12
10 33
10 64
10 79
11 16
11 20
11 24
11 44
11 46
11 49
11 58
11 61
12 14
12 18
12 26
12 30
12 36
12 49
12 55
12 68
13 56
13 61
13 65
13 75
13 79
14 19
15 31
15 57
16 31
17 35
17 36
18 25
18 30
18 66
18 71
18 72
19 20
19 48
19 72
20 23
20 38
20 47
20 52
20 56
21 62
21 70
21 71
22 56
22 61
23 33
23 36
23 37
23 39
23 78
24 46
24 47
24 68
24 72
24 78
25 34
25 57
25 77
26 37
26 60
27 69
27 73
27 74
27 77
28 38
28 41
28 43
28 49
28 58
28 74
29 55
29 59
30 56
30 64
31 34
31 37
32 33
32 51
32 59
33 46
33 67
33 77
34 43
34 65
34 67
35 53
35 72
35 75
36 51
36 53
37 57
38 42
39 48
39 55
40 48
40 70
41 74
42 45
42 52
42 55
42 58
43 47
43 49
43 57
43 59
44 49
44 60
44 75
45 49
45 54
45 73
47 62
47 64
47 68
48 65
50 66
51 62
51 68
51 72
52 68
52 75
54 61
54 78
55 61
56 74
57 60
57 61
57 63
57 70
57 77
58 66
58 78
59 69
60 64
60 72
61 75
61 78
62 63
62 66
63 68
64 67
65 67
65 74
69 74
73 79
