100 402
0 10
0 29
0 32
0 43
0 71
0 82
0 98
1 21
1 36
1 63
1 67
1 72
1 73
1 96
2 50
2 62
2 66
2 85
2 92
2 94
3 7
3 18
3 33
3 38
3 58
3 66
3 84
3 89
3 93
4 9
4 23
4 29
4 38
4 48
4 65
4 82
4 84
4 85
5 43
5 74
5 81
5 83
5 87
5 89
6 16
6 28
6 36
6 67
7 10
7 17
7 30
7 31
7 50
7 51
7 65
7 81
7 93
8 18
8 33
8 45
8 53
8 56
8 57
8 62
8 99
9 22
9 36
9 40
9 97
10 85
11 41
11 54
11 60
11 65
11 70
11 77
11 82
11 83
11 86
11 91
12 27
12 46
12 48
12 55
12 57
12 59
12 62
12 71
12 88
13 19
13 35
13 39
13 83
13 91
13 96
13 97
14 48
14 57
14 73
14 78
14 86
14 88
14 91
14 92
14 94
15 17
15 20
15 47
15 54
15 75
15 80
15 96
16 34
16 38
16 58
16 80
16 81
16 84
16 85
16 91
16 94
17 24
17 37
17 40
17 60
17 75
18 21
18 36
18 45
18 55
18 56
18 59
18 67
18 81
18 83
18 84
19 32
19 37
19 41
19 51
19 54
19 56
19 78
19 88
19 98
20 30
20 38
20 52
20 59
20 61
20 65
20 84
20 85
21 29
21 31
21 32
21 34
21 43
21 44
21 45
21 53
21 55
21 80
21 85
22 41
22 46
22 85
23 25
23 35
23 51
23 62
23 71
23 85
24 34
24 59
24 63
24 79
24 99
25 45
25 70
25 72
26 39
26 48
26 80
26 86
26 90
26 91
27 36
27 42
27 51
27 58
27 68
27 85
28 30
28 41
28 45
28 46
28 60
28 77
28 80
28 83
28 86
29 33
29 36
29 50
29 54
29 63
29 68
30 58
30 71
30 85
30 87
30 98
31 36
31 49
31 61
31 63
31 70
32 56
32 66
32 69
32 74
32 77
33 46
33 55
33 56
33 60
33 76
33 98
34 44
34 55
34 64
34 75
34 88
35 37
35 42
35 56
35 60
35 73
35 81
36 51
36 66
36 67
36 69
37 52
37 67
37 82
37 93
37 95
38 43
38 62
38 84
38 96
39 42
39 63
39 83
39 85
39 87
40 78
41 63
42 61
42 66
42 69
42 70
42 87
42 99
43 59
43 67
43 74
43 75
43 85
43 86
43 96
44 45
44 46
44 57
44 58
44 62
44 73
44 77
44 78
44 84
44 91
44 97
44 99
45 62
45 63
45 69
45 78
45 85
46 55
46 60
46 63
46 69
46 77
46 78
46 90
46 95
47 55
47 65
47 85
47 87
47 96
48 57
49 58
49 63
49 66
49 85
49 90
49 93
50 56
50 91
51 52
51 57
51 71
51 73
51 80
52 57
52 78
52 84
52 85
52 89
52 97
54 60
54 64
54 71
55 70
55 90
55 97
56 94
57 65
57 83
58 76
58 78
58 83
58 95
58 99
59 78
61 81
61 99
62 81
63 86
63 97
63 99
64 77
64 80
64 82
65 72
65 75
65 77
65 79
65 80
65 82
65 94
67 68
67 77
67 80
67 89
68 71
68 76
68 77
69 72
69 87
69 89
69 94
69 97
70 90
70 93
71 83
72 83
72 93
72 94
73 77
73 79
73 85
74 75
74 80
74 99
75 81
75 92
76 85
77 78
77 84
77 91
78 79
79 81
80 99
82 94
82 96
83 88
83 99
84 89
86 95
87 89
87 94
87 97
88 90
88 99
91 94
93 94
95 98
96 99
