80 211
0 7
0 18
0 25
0 39
1 34
1 37
1 39
1 46
1 59
1 67
1 68
1 71
2 21
2 29
2 41
2 44
3 5
3 12
3 34
3 44
3 48
4 20
4 45
4 50
4 65
4 68
5 10
5 21
5 33
5 34
5 54
5 73
6 12
6 25
6 32
6 49
6 54
6 58
6 75
7 15
7 23
7 34
7 56
7 64
7 65
7 69
8 29
8 47
8 79
9 18
9 31
9 36
9 51
9 52
9 59
10 13
10 33
10 63
10 71
11 14
11 34
11 48
11 54
11 59
11 78
12 28
12 39
12 43
12 44
12 72
13 25
13 39
13 71
13 73
13 79
14 19
14 21
14 65
14 71
14 73
15 26
15 33
15 60
15 75
16 21
16 30
16 59
17 43
17 76
17 78
18 29
18 36
18 55
20 41
20 63
20 76
21 26
21 28
21 65
22 60
22 66
22 71
22 79
23 52
23 60
23 65
24 53
24 61
24 72
25 26
25 33
25 38
25 55
25 64
26 63
26 71
27 49
28 29
28 50
28 62
28 66
29 67
29 71
30 45
30 49
30 64
30 67
31 35
31 38
31 78
32 33
32 36
32 40
32 51
33 44
34 42
34 48
35 45
35 58
36 39
36 42
36 48
36 54
37 40
37 55
37 63
38 44
38 49
38 57
39 41
39 57
39 67
40 44
40 51
40 76
41 59
41 79
42 59
43 52
44 47
44 48
45 54
45 62
45 66
45 73
46 63
47 67
47 71
48 68
48 74
49 67
49 73
49 77
50 61
50 62
51 57
52 76
53 67
54 55
54 78
55 59
55 79
56 58
56 63
56 64
57 66
58 62
58 63
58 76
59 67
59 70
60 63
60 64
60 66
60 67
60 77
61 76
62 73
64 78
67 79
69 77
70 73
70 75
71 72
71 73
71 78
72 73
72 75
75 76
75 78
75 79
