100 378
0 2
0 5
0 10
0 13
0 22
0 32
0 53
0 61
0 70
0 73
0 90
0 98
1 26
1 35
1 37
1 41
1 58
1 77
1 79
1 85
1 94
1 95
2 15
2 69
2 71
2 89
2 90
3 5
3 7
3 9
3 28
3 29
3 54
3 71
3 74
3 86
3 97
4 9
4 30
4 38
4 57
4 63
4 85
5 28
5 40
5 45
6 12
6 26
6 42
6 56
6 69
6 75
6 77
7 37
7 49
7 71
7 85
8 33
8 36
8 45
8 73
8 74
8 80
8 88
8 91
9 49
9 63
9 68
9 73
9 82
9 85
10 29
10 42
10 60
10 64
10 86
11 26
11 47
11 63
11 83
11 93
12 45
13 30
13 62
13 82
13 92
13 97
14 19
14 22
14 26
14 48
14 74
14 94
15 19
15 20
15 26
15 31
15 39
15 41
15 46
15 52
15 62
15 70
15 78
16 50
16 52
16 62
16 67
16 70
16 84
16 85
16 97
17 34
17 42
17 80
17 92
18 42
18 46
18 88
18 97
19 22
19 25
19 95
20 32
20 87
20 88
20 92
21 22
21 55
21 59
21 62
21 63
21 82
21 86
21 99
22 37
22 51
22 61
22 67
22 70
22 75
22 91
23 32
23 39
23 51
23 66
23 94
23 99
24 28
24 47
24 48
24 52
24 56
24 64
24 83
24 87
24 88
24 96
25 27
25 33
25 40
25 42
25 46
25 56
25 71
25 94
25 97
26 34
26 45
26 52
26 69
26 70
27 37
27 39
27 43
27 52
27 58
27 62
27 87
28 39
28 41
28 76
28 92
28 98
29 39
29 64
29 93
30 39
30 52
30 58
30 84
30 86
30 93
31 32
31 40
31 75
31 79
32 33
32 84
33 47
33 48
33 72
34 37
34 38
34 46
34 77
34 91
34 97
35 39
35 69
35 89
35 96
36 61
36 72
36 86
36 97
37 59
37 71
37 94
38 42
38 63
38 66
38 81
38 93
39 40
39 44
39 53
39 55
39 68
39 96
40 72
40 75
40 86
40 90
40 98
41 47
41 61
41 64
41 71
41 79
41 88
41 92
42 56
42 61
42 66
42 82
43 46
43 49
43 62
43 64
43 73
43 78
43 93
44 85
44 90
45 47
45 49
45 57
45 59
45 66
45 68
45 91
46 52
46 54
46 58
46 59
46 60
46 76
47 48
47 95
48 72
48 75
48 80
48 83
48 86
49 52
49 60
49 64
49 70
49 74
49 76
49 81
49 93
50 59
50 98
50 99
51 54
51 58
51 88
52 56
52 96
53 78
54 79
55 58
55 62
55 80
55 89
55 97
56 96
57 64
57 68
57 72
57 77
57 80
57 81
58 60
58 67
58 71
58 88
59 75
59 86
59 96
60 61
60 87
61 72
61 98
62 68
63 90
63 97
64 68
64 83
64 90
64 95
64 97
65 82
65 88
65 96
66 95
67 74
67 81
67 92
67 95
67 99
68 86
68 90
69 73
69 76
69 84
69 95
70 87
70 91
71 92
71 93
72 73
72 88
73 79
74 85
74 87
74 95
75 81
75 83
75 89
75 96
75 97
76 79
76 81
76 83
76 87
76 93
77 80
78 79
78 89
78 93
79 97
80 93
82 93
83 87
83 89
84 88
86 87
87 90
87 92
87 96
88 94
90 92
92 93
92 95
98 99
