100 408
0 3
0 5
0 11
0 25
0 30
0 47
0 74
0 75
0 79
0 83
0 96
1 18
1 49
1 64
1 70
1 76
1 93
2 53
2 55
2 67
2 80
2 85
2 89
3 25
3 29
3 30
3 31
3 43
3 49
3 70
3 75
3 80
3 83
3 92
3 97
3 98
4 9
4 18
4 22
4 33
4 39
4 75
4 83
5 9
5 24
5 37
5 38
5 50
5 78
6 38
6 50
6 74
6 76
6 96
7 24
7 48
7 56
7 58
7 60
7 61
8 12
8 24
8 37
8 41
8 45
8 50
8 60
8 64
8 72
8 95
8 97
8 99
9 18
9 36
9 52
9 76
9 84
9 85
9 93
10 19
10 24
10 30
10 31
10 38
10 42
10 43
10 52
10 72
10 76
10 77
10 91
10 96
11 16
11 17
11 46
11 48
11 61
11 76
11 80
12 14
12 29
12 62
12 68
13 32
13 50
13 83
14 21
14 25
14 49
14 54
14 99
15 19
15 44
15 46
15 48
15 50
15 58
15 64
15 69
15 73
15 74
15 77
15 78
15 85
15 86
16 27
16 37
16 39
16 56
16 61
16 64
16 99
17 31
17 43
17 47
17 82
17 86
17 95
17 98
18 47
18 48
18 53
18 54
18 66
19 29
19 53
19 54
19 56
19 61
19 66
19 93
20 42
20 50
20 78
20 95
21 24
21 25
21 30
21 33
21 36
21 54
21 77
21 82
21 95
22 37
22 50
22 61
22 86
22 94
22 96
22 98
23 30
23 32
23 70
23 72
23 83
23 84
24 30
24 36
24 45
24 55
24 59
24 88
24 95
25 31
25 37
25 46
25 68
25 77
25 82
26 65
26 67
26 81
26 86
26 95
26 98
27 31
27 34
27 35
27 40
27 45
27 51
27 52
27 73
27 81
27 83
27 88
28 50
28 52
28 60
28 76
28 78
28 86
28 90
28 94
29 48
29 59
29 66
29 68
29 73
29 94
29 99
30 33
30 50
30 82
30 88
30 90
31 39
31 44
31 93
32 40
32 41
32 50
32 65
33 34
33 41
33 42
33 59
33 61
33 88
34 60
34 66
34 73
34 84
35 53
35 54
35 60
35 65
35 71
35 72
36 75
36 76
36 93
36 99
37 56
37 62
37 76
37 82
37 93
38 42
38 47
39 43
39 58
39 59
39 62
39 69
39 86
39 91
40 48
40 49
40 66
40 74
40 83
40 85
40 92
41 43
41 71
42 54
42 59
42 75
42 76
42 79
43 61
43 62
43 68
43 77
43 81
43 95
44 61
44 65
44 74
44 86
44 93
44 98
45 48
45 54
45 58
46 48
46 75
46 79
46 80
46 81
46 82
46 97
46 99
47 55
47 67
47 87
47 91
48 77
48 79
48 82
48 84
49 52
49 57
49 61
49 66
49 82
50 67
50 92
51 52
51 60
51 66
51 69
51 89
51 94
51 96
52 72
52 92
53 69
54 74
54 87
54 93
55 61
55 63
55 83
55 99
56 58
57 58
57 67
57 79
57 95
58 76
58 84
59 60
59 69
59 70
59 71
59 83
59 91
60 63
60 70
60 91
61 66
61 95
62 64
62 70
62 84
62 87
63 64
63 66
63 83
63 85
63 99
64 77
65 74
66 77
66 86
66 87
66 90
66 98
67 84
67 86
67 87
68 77
68 81
68 94
69 82
70 72
70 88
70 89
70 94
71 81
71 99
72 94
72 97
73 91
73 99
74 82
74 94
74 96
76 79
76 97
78 98
79 87
79 93
79 98
79 99
80 93
82 88
83 85
85 89
85 94
87 92
87 98
88 89
89 91
95 96
