100 185
0 23
0 26
0 62
0 71
1 58
1 61
1 91
1 92
2 25
2 42
3 40
3 64
3 84
3 85
4 24
4 31
4 44
4 59
4 72
4 83
4 86
5 14
5 23
5 52
6 9
6 26
6 32
6 81
7 10
7 32
7 46
8 43
8 48
8 92
9 41
9 50
9 90
10 80
10 83
11 17
11 62
11 91
12 17
12 21
12 51
13 25
13 98
14 43
14 90
15 16
15 60
16 20
16 39
16 59
16 74
16 83
17 31
17 36
17 46
17 67
17 80
18 25
18 30
18 92
19 32
19 39
19 45
19 54
19 56
19 59
19 63
19 83
21 76
22 31
22 32
23 41
23 58
23 77
24 42
24 53
24 96
25 29
25 48
25 56
25 72
25 97
26 28
26 30
26 60
27 49
27 92
27 97
27 99
28 77
29 63
30 39
30 70
30 80
30 87
31 59
33 72
33 82
33 87
34 36
34 68
34 92
35 43
35 51
35 62
35 76
35 83
36 44
36 77
36 91
37 54
37 72
37 90
38 82
40 59
40 73
40 82
40 86
42 61
42 83
42 93
43 52
44 58
44 79
44 99
45 59
46 69
46 73
47 73
47 87
47 99
48 57
48 65
48 68
48 70
49 61
49 70
50 67
50 76
50 83
50 93
54 60
54 69
54 78
55 84
55 91
55 96
56 58
58 96
58 99
60 68
61 68
61 73
61 77
62 70
62 94
63 75
63 84
64 96
66 74
66 75
67 92
72 74
73 95
75 90
75 92
76 77
76 96
77 82
78 85
78 96
79 91
81 85
83 85
83 98
86 89
87 91
88 89
88 92
93 99
96 99
