80 115
0 36
0 43
0 58
1 13
1 55
1 63
1 76
2 24
2 29
2 67
2 70
3 33
3 57
3 77
4 8
4 11
4 55
4 67
5 6
5 26
5 50
5 69
6 49
7 24
8 44
8 68
8 69
9 14
9 55
9 78
9 79
10 15
10 36
11 15
11 22
11 25
11 51
11 56
11 63
12 16
12 34
13 39
14 27
14 39
14 70
15 76
16 24
16 53
16 61
17 21
17 22
17 50
18 28
19 36
19 46
19 54
19 79
20 59
20 64
22 39
23 36
23 48
23 53
24 35
24 44
25 40
25 44
25 70
26 34
27 45
27 64
28 42
29 31
29 43
30 73
31 43
31 47
31 64
32 46
34 35
34 38
34 63
34 71
34 78
35 76
36 49
37 46
38 43
38 52
38 67
41 54
42 63
44 47
44 78
45 75
45 77
46 60
47 62
48 65
49 52
49 60
49 64
51 68
55 58
60 63
60 73
61 62
61 70
63 73
64 66
65 69
65 73
65 78
72 74
74 77
