80 199
0 1
0 14
0 25
1 41
2 7
2 17
2 36
2 67
3 10
3 15
3 53
3 60
3 71
3 77
4 17
4 21
4 55
4 69
4 75
5 11
5 43
5 49
5 52
5 61
6 30
6 54
6 57
6 59
6 75
7 11
7 22
7 56
7 74
8 41
8 61
9 10
9 71
10 20
10 52
10 70
10 75
11 17
11 22
11 29
11 38
11 71
11 75
12 19
12 45
12 49
12 52
13 24
13 27
13 37
13 54
13 56
13 67
14 58
14 62
14 65
14 74
15 37
16 17
16 18
16 34
16 51
16 52
16 56
17 24
17 33
17 39
17 49
17 52
18 33
18 34
18 55
18 62
18 77
19 30
19 65
20 24
20 31
20 50
20 67
20 79
21 40
21 43
21 55
21 70
22 44
22 53
23 32
23 52
24 59
24 65
24 75
25 37
25 41
25 45
25 54
26 52
26 68
26 69
27 48
27 67
27 70
27 73
28 54
28 68
29 31
29 40
29 56
29 62
30 35
30 38
31 56
31 64
31 74
31 75
31 77
32 42
32 67
32 71
32 78
33 47
33 55
33 76
34 35
34 45
34 63
34 68
35 38
35 52
35 57
35 68
35 74
35 77
36 67
36 73
36 76
36 79
37 38
37 48
37 58
37 63
38 39
38 62
38 66
38 79
39 45
39 64
39 79
41 51
42 47
42 60
42 73
42 79
43 55
44 50
44 78
44 79
45 52
46 47
46 49
46 68
46 76
47 55
47 65
47 76
48 50
48 51
48 64
49 62
49 73
50 52
51 58
51 63
52 56
52 76
53 58
54 75
55 66
55 71
56 65
56 77
57 74
58 72
60 67
61 72
62 65
63 73
64 78
66 71
66 77
67 74
69 73
70 73
71 74
72 74
