100 200
0 24
0 57
0 83
0 98
1 8
1 14
1 20
1 37
1 58
2 3
2 22
2 31
2 37
2 43
2 47
2 93
3 12
3 13
3 20
3 31
4 8
4 21
4 45
4 47
4 91
4 92
4 97
5 20
5 39
5 65
5 93
6 10
7 14
7 47
7 48
7 68
7 73
7 77
7 97
7 98
8 78
8 97
9 39
9 53
9 55
9 58
9 75
10 28
10 33
10 63
10 77
11 84
11 89
11 98
13 14
13 16
13 23
14 15
14 24
14 49
14 60
14 67
14 89
15 97
16 28
16 38
16 67
16 71
16 80
17 60
18 70
18 99
19 31
20 44
20 66
20 84
21 57
21 79
21 91
21 99
22 49
22 63
22 88
22 90
23 34
23 80
24 32
24 47
24 48
24 63
25 39
25 76
25 79
25 83
25 84
25 90
25 91
25 95
26 64
27 79
27 86
27 96
28 32
28 65
29 30
29 46
30 33
30 53
30 63
30 99
31 57
31 58
32 35
32 48
32 74
32 75
32 87
33 57
33 64
34 53
35 71
35 86
36 54
36 56
36 60
36 61
38 70
39 43
39 49
39 74
40 54
40 60
40 84
40 92
41 56
41 75
41 99
42 52
42 57
42 93
43 48
44 95
45 62
45 80
45 86
46 71
46 80
47 83
48 83
48 89
49 66
49 85
50 82
51 54
51 59
52 72
52 77
53 93
54 78
54 89
56 93
57 87
58 71
58 80
58 87
59 73
60 94
60 95
61 75
64 78
64 82
64 89
64 92
65 86
65 97
66 72
66 74
66 85
68 85
69 87
70 76
70 95
71 86
71 96
72 85
73 80
77 86
77 92
78 83
78 84
78 99
80 81
81 85
82 87
83 97
87 89
88 93
92 96
96 99
97 99
