100 208
0 13
0 53
0 59
0 75
0 84
1 28
1 33
1 40
1 49
1 57
1 88
2 19
2 26
2 39
2 47
2 57
2 78
2 90
3 51
3 58
3 63
3 70
3 78
3 99
4 45
4 69
4 91
4 96
5 8
5 11
5 19
5 37
5 48
5 80
6 69
6 80
7 16
7 48
7 54
7 66
8 17
8 25
8 76
8 96
9 50
9 69
10 45
10 54
11 26
11 32
11 49
11 53
11 56
11 84
11 90
12 25
12 30
13 38
13 86
14 47
14 53
14 85
14 96
15 21
15 38
15 83
16 20
16 32
16 75
16 93
17 51
17 57
17 58
17 70
17 73
18 45
18 96
19 42
19 66
19 77
20 26
20 58
20 61
20 71
20 88
21 41
21 58
21 99
22 69
22 73
22 84
23 31
23 54
24 33
24 48
24 61
24 77
24 96
26 67
26 70
26 75
26 87
27 52
27 79
28 64
29 68
29 75
30 49
30 51
30 68
30 80
30 84
30 88
31 37
31 57
31 82
32 49
32 84
32 99
33 37
33 39
33 57
33 72
33 81
33 88
34 36
34 58
35 83
36 40
36 44
36 50
36 58
36 64
36 86
36 95
37 52
37 64
37 97
38 48
39 46
39 50
40 62
40 99
41 45
41 58
41 80
42 81
43 47
43 75
43 97
44 47
44 88
45 61
45 85
46 55
46 77
47 94
48 84
48 90
49 89
49 92
50 65
51 59
51 90
52 57
53 62
53 64
53 79
53 95
55 58
56 58
56 65
57 86
57 97
60 82
60 99
61 73
62 90
62 92
63 70
63 75
63 86
63 99
64 98
65 66
65 95
65 97
66 72
66 79
67 80
67 81
69 92
70 72
71 99
73 77
74 84
74 86
77 82
77 88
77 91
78 88
81 85
82 86
82 96
84 86
88 90
90 98
92 95
