100 409
0 14
0 21
0 35
0 39
0 45
0 53
0 60
0 79
0 88
1 3
1 9
1 18
1 36
1 46
1 57
1 58
1 61
1 67
1 70
1 85
2 15
2 24
2 43
2 54
2 57
2 72
2 84
2 87
2 92
3 24
3 33
3 37
3 48
3 49
3 58
3 61
3 71
3 73
3 74
3 79
3 95
4 8
4 13
4 21
4 26
4 48
4 57
4 61
5 11
5 18
5 34
5 48
5 68
5 69
5 84
5 97
6 24
6 26
6 44
6 65
6 73
6 87
6 88
7 8
7 34
7 39
7 46
7 53
7 87
7 88
8 20
8 32
8 38
8 47
8 68
8 89
9 20
9 21
9 25
9 34
9 45
9 53
9 57
9 64
9 68
9 72
9 80
9 97
10 43
10 44
10 47
10 53
10 68
10 76
10 96
11 18
11 42
11 44
11 59
11 63
11 75
11 94
12 15
12 24
12 26
12 30
12 70
12 75
12 78
12 84
12 90
12 94
12 95
13 28
13 32
13 45
13 50
13 55
13 68
13 87
13 95
14 17
14 21
14 28
14 36
14 37
14 57
14 68
14 81
14 83
14 93
15 16
15 22
15 37
15 38
15 41
15 42
15 61
15 81
15 86
15 87
16 28
16 36
16 37
16 39
16 52
16 53
16 54
16 74
16 76
16 83
17 27
17 61
17 63
17 85
17 94
18 28
18 35
18 43
18 66
18 70
18 80
18 82
18 97
19 48
19 67
19 70
19 88
20 38
20 47
20 51
20 53
20 55
20 73
20 78
20 91
21 26
21 40
21 56
21 59
21 75
21 87
21 97
22 36
22 39
22 89
23 40
23 77
24 41
24 48
24 62
24 63
25 28
25 36
25 43
25 56
25 63
25 69
25 77
26 37
26 56
26 60
26 83
26 95
26 98
27 29
27 71
27 72
27 78
27 94
28 36
28 42
28 48
28 51
28 63
28 75
28 77
29 35
29 51
29 71
29 95
29 98
29 99
30 40
30 42
30 47
30 54
30 75
30 82
30 83
30 92
31 37
31 46
31 83
31 97
32 33
32 57
32 65
32 72
32 79
33 52
33 55
33 76
34 45
34 50
34 61
34 71
34 82
34 89
34 90
35 40
35 41
35 45
35 75
35 80
35 82
35 88
35 91
35 93
36 50
36 94
37 39
37 49
37 50
37 59
37 72
37 88
37 89
38 43
38 50
38 54
38 61
38 66
38 70
38 73
38 74
38 77
38 87
38 92
39 50
39 71
39 94
39 99
40 48
40 53
40 62
40 71
40 83
40 85
41 89
42 43
42 47
42 53
42 83
42 98
43 48
43 57
43 60
43 61
43 80
43 86
43 99
44 77
44 92
45 77
45 81
45 88
45 92
46 78
47 49
47 50
47 62
47 89
48 76
48 80
48 86
49 61
49 68
50 53
51 53
51 59
51 71
51 82
52 57
52 64
52 67
52 70
52 72
52 74
52 86
53 56
53 97
54 55
54 56
54 62
54 71
54 80
54 92
55 65
55 74
55 80
56 61
56 68
57 59
57 61
57 74
57 92
58 62
58 63
58 75
58 76
58 79
59 71
59 79
59 82
59 88
60 83
61 74
61 77
61 86
61 89
62 65
62 66
62 68
62 84
62 86
62 93
63 93
63 94
64 91
65 86
65 99
66 72
66 75
66 76
66 85
67 71
67 80
68 87
68 90
68 98
68 99
69 77
69 78
71 75
71 78
71 88
73 74
73 80
73 84
74 80
75 81
75 90
75 96
76 85
76 91
76 94
77 88
78 83
81 90
81 98
83 97
85 95
85 96
86 89
88 90
89 94
89 96
92 94
